1	1	1	191.04	155.153	0.236136	0.00269588
1	1	2	175.843	154.201	0.274329	0.00283522
1	1	3	191.727	154.135	0.215946	0.0022733
1	2	1	192.195	154.178	0.204804	0.00217981
1	2	2	179.67	154.952	0.227317	0.00240402
1	2	3	191.924	154.414	0.259664	0.00278585
1	3	1	155.904	156.654	0.389531	0.00408612
1	3	2	164.696	156.83	0.226945	0.0025224
1	3	3	189.583	155.855	0.219067	0.00231373
1	4	1	177.828	155.473	0.222423	0.00257599
1	4	2	189.287	153.897	0.290135	0.0035358
1	4	3	182.396	153.032	0.213325	0.00241572
1	5	1	181.249	155.499	0.289725	0.00297056
1	5	2	212.025	156.459	0.291991	0.00283606
1	5	3	205.962	154.43	0.272298	0.00272868
1	6	1	0	0	0	0
1	6	2	0	0	0	0
1	6	3	0	0	0	0
2	1	1	190.919	156.519	0.35173	0.00379973
2	1	2	186.78	155.707	0.271534	0.00290232
2	1	3	208.732	155.862	0.246227	0.0027572
2	1	4	185.835	155.784	0.270371	0.00261761
2	1	5	185.606	154.723	0.31179	0.00366771
2	1	6	188.427	154.518	0.30823	0.00359301
2	1	7	174.648	157.131	0.264436	0.00290173
2	2	1	186.229	155.394	0.305091	0.00324034
2	2	2	188.684	154.143	0.2718	0.003137
2	2	3	194.34	153.914	0.243831	0.00260215
2	2	4	183.751	156.161	0.334089	0.00399152
2	2	5	163.443	154.66	0.389215	0.00466046
2	2	6	184.08	154.355	0.201891	0.00210274
2	2	7	170.53	156.039	0.288955	0.00311711
2	3	1	188.06	157.133	0.256781	0.00275162
2	3	2	181.925	157.633	0.367511	0.00422403
2	3	3	169.859	155.674	0.294076	0.00328238
2	3	4	169.551	156.913	0.32648	0.00328522
2	3	5	188.01	155.342	0.286142	0.00327654
2	3	6	183.382	155.49	0.263792	0.00280929
2	3	7	189.022	156.282	0.23127	0.00256176
2	4	1	194.654	155.028	0.330991	0.00375913
2	4	2	179.267	155.493	0.315041	0.00369349
2	4	3	173.023	155.982	0.289282	0.00316266
2	4	4	173.8	155.338	0.239739	0.00268373
2	4	5	181.121	155.799	0.230834	0.00236954
2	4	6	202.145	153.505	0.314971	0.00347032
2	4	7	173.77	154.465	0.264766	0.0029482
2	5	1	204.715	156.804	0.287355	0.00304309
2	5	2	173.968	157.588	0.278672	0.00303067
2	5	3	187.419	157.394	0.250355	0.00241689
2	5	4	187.327	158.027	0.258444	0.00284254
2	5	5	204.962	155.99	0.302454	0.00325755
2	5	6	219.232	155.719	0.32282	0.00311991
2	5	7	184.533	154.293	0.391033	0.00417027
2	6	1	0	0	0	0
2	6	2	0	0	0	0
2	6	3	0	0	0	0
2	6	4	0	0	0	0
2	6	5	0	0	0	0
2	6	6	0	0	0	0
2	6	7	0	0	0	0
3	1	1	162.091	167.479	0.192375	0.00205662
3	1	2	145.883	164.834	0.238973	0.00269542
3	1	3	158.375	164.983	0.248959	0.00278552
3	1	4	170.858	166.6	0.156496	0.0016213
3	1	5	154.341	156.589	0.218587	0.00234568
3	1	6	189.053	165.598	0.197356	0.00206277
3	2	1	161.097	159.499	0.257891	0.00326784
3	2	2	178.757	164.443	0.205384	0.00200795
3	2	3	165.016	163.468	0.252931	0.00279726
3	2	4	135.096	160.675	0.181597	0.00184532
3	2	5	168.087	163.547	0.175176	0.00184444
3	2	6	204.987	164.938	0.178828	0.0017353
3	3	1	164.613	163.596	0.209832	0.00198576
3	3	2	168.272	163.744	0.226789	0.00231498
3	3	3	147.004	158.867	0.21922	0.00229738
3	3	4	185.708	163.248	0.243761	0.00265434
3	3	5	130.418	159.098	0.295533	0.00301492
3	3	6	175.259	163.133	0.21624	0.00232525
3	4	1	130.284	159.099	0.196935	0.00207275
3	4	2	173.742	162.012	0.230669	0.00213561
3	4	3	153.359	158.713	0.216466	0.00210347
3	4	4	126.077	158.452	0.254155	0.00293415
3	4	5	156.599	156.198	0.199547	0.0019232
3	4	6	154.425	157.91	0.267604	0.00261358
3	5	1	184.124	145.382	0.176312	0.00195694
3	5	2	165.689	145.308	0.150739	0.00164271
3	5	3	196.157	146.636	0.176353	0.0018368
3	5	4	197.967	146.814	0.176442	0.00180482
3	5	5	172.841	145.188	0.203324	0.0020645
3	6	1	0	0	0	0
3	6	2	0	0	0	0
3	6	3	0	0	0	0
3	6	4	0	0	0	0
3	6	5	0	0	0	0
3	6	6	0	0	0	0
4	1	1	171.068	162.204	0.275594	0.00313416
4	1	2	180.898	166.696	0.208307	0.00234756
4	1	3	177.225	170.001	0.231134	0.00288815
4	1	4	142.049	158.917	0.213802	0.00217697
4	1	5	128.843	157.668	0.247996	0.00246143
4	1	6	0	0	0	0
4	2	1	152.88	159.778	0.235828	0.00281722
4	2	2	183.451	165.48	0.217629	0.00215222
4	2	3	147.74	159.137	0.250715	0.00287315
4	2	4	174.458	166.155	0.190101	0.00202052
4	2	5	178.511	163.009	0.2437	0.00242761
4	2	6	187.42	165.886	0.236197	0.0024404
4	3	1	166.876	164.308	0.275221	0.00284949
4	3	2	149.292	160.982	0.246012	0.00296783
4	3	3	151.637	161.937	0.194807	0.00209419
4	3	4	156.012	161.853	0.2219	0.00233108
4	3	5	189.956	165.394	0.25089	0.00262648
4	3	6	158.178	161.541	0.211126	0.00216588
4	4	1	172.537	164.646	0.215265	0.00226393
4	4	2	175.592	162.626	0.320765	0.00387085
4	4	3	164.888	163.14	0.241166	0.00243301
4	4	4	141.335	163.49	0.248079	0.00268707
4	4	5	158.202	161.958	0.237356	0.00229159
4	4	6	132.225	160.474	0.226311	0.00230517
4	5	1	195.471	146.803	0.269422	0.00290501
4	5	2	204.333	146.534	0.212086	0.00204721
4	5	3	202.625	148.735	0.174243	0.00187287
4	5	4	220.856	148.179	0.19791	0.00191942
4	5	5	189.241	147.24	0.154935	0.00167892
4	6	1	0	0	0	0
4	6	2	0	0	0	0
4	6	3	0	0	0	0
4	6	4	0	0	0	0
4	6	5	0	0	0	0
4	6	6	0	0	0	0
5	1	1	204.356	155.793	0.206197	0.00203568
5	1	2	186.532	154.192	0.275556	0.00304439
5	2	1	224.435	154.297	0.33624	0.00324636
5	2	2	192.424	154.176	0.356119	0.00394848
5	3	1	200.234	155.788	0.272709	0.00247504
5	3	2	190.509	154.762	0.261974	0.00266474
5	4	1	190.433	155.527	0.221527	0.00214765
5	4	2	182.327	154.977	0.24059	0.00268571
5	6	1	0	0	0	0
5	6	2	0	0	0	0
