1	1	1	184.415	153.818	0.198591	0.0022337
1	1	2	180.228	154.339	0.263182	0.00276936
1	1	3	169.937	152.383	0.184629	0.00198475
1	2	1	193.541	156.807	0.236108	0.0025852
1	2	2	178.528	154.97	0.253026	0.00264406
1	2	3	196.605	154.709	0.308922	0.00336674
1	3	1	154.343	156.055	0.29614	0.00307853
1	3	2	183.837	154.785	0.229775	0.00258413
1	3	3	179.358	153.726	0.217435	0.00238459
1	4	1	171.112	155.649	0.245132	0.002842
1	4	2	192.725	156.012	0.320853	0.00398009
1	4	3	179.656	155.843	0.236244	0.00266596
1	5	1	199.74	155.259	0.282428	0.00294365
1	5	2	205.007	154.311	0.229844	0.00203344
1	5	3	184.838	154.072	0.246612	0.00245789
1	6	1	0	0	0	0
1	6	2	0	0	0	0
1	6	3	0	0	0	0
2	1	1	175.015	153.866	0.322863	0.00348536
2	1	2	195.564	153.152	0.237904	0.00255651
2	1	3	201.304	152.507	0.238508	0.0026627
2	1	4	169.751	157.266	0.296431	0.00296221
2	1	5	181.136	155.011	0.297544	0.00347424
2	1	6	174.148	155.598	0.287632	0.00332182
2	1	7	180.874	155.605	0.295073	0.00315434
2	2	1	184.108	155.21	0.284186	0.00305326
2	2	2	189.615	154.959	0.350423	0.00408561
2	2	3	201.324	154.302	0.264726	0.00281519
2	2	4	167.964	158.466	0.302327	0.00351963
2	2	5	160.134	157.47	0.453208	0.00535007
2	2	6	173.422	156.531	0.276019	0.00303335
2	2	7	177.116	156.282	0.299135	0.00330226
2	3	1	208.114	152.911	0.256431	0.00278263
2	3	2	199.518	153.582	0.418725	0.00464147
2	3	3	180.675	153.976	0.302769	0.00335537
2	3	4	183.045	158.03	0.332988	0.00332884
2	3	5	183.786	156.383	0.243277	0.00280591
2	3	6	187.518	155.287	0.279126	0.00301238
2	3	7	178.887	155.347	0.268494	0.00294678
2	4	1	196.318	154.971	0.313914	0.00339698
2	4	2	177.401	155.83	0.33561	0.00392802
2	4	3	181.579	154.301	0.296685	0.00321834
2	4	4	167.475	158.48	0.255471	0.00284492
2	4	5	167.857	156.931	0.260022	0.00281161
2	4	6	184.287	157.089	0.332753	0.00369075
2	4	7	169.592	157.061	0.261862	0.0029199
2	5	1	207.299	154.574	0.246838	0.00276087
2	5	2	184.675	153.503	0.288324	0.00313111
2	5	3	181.005	154.842	0.268385	0.00268631
2	5	4	208.56	156.747	0.255014	0.00277637
2	5	5	208.574	154.769	0.251559	0.00262606
2	5	6	239.713	153.906	0.407144	0.00406505
2	5	7	181.622	152.261	0.362499	0.00390484
2	6	1	0	0	0	0
2	6	2	0	0	0	0
2	6	3	0	0	0	0
2	6	4	0	0	0	0
2	6	5	0	0	0	0
2	6	6	0	0	0	0
2	6	7	0	0	0	0
3	1	1	197.415	169.06	0.251495	0.00252751
3	1	2	164.732	166.676	0.309071	0.00349498
3	1	3	164.594	166.192	0.318265	0.00369027
3	1	4	182.214	166.57	0.147392	0.00154075
3	1	5	143.249	157.359	0.220723	0.00233814
3	1	6	199.396	168.598	0.258431	0.00258322
3	2	1	143.699	159.815	0.317454	0.00406531
3	2	2	183.618	166.534	0.181846	0.00159019
3	2	3	138.797	160.566	0.267004	0.00298124
3	2	4	144.019	159.046	0.204176	0.00205451
3	2	5	167.897	164.367	0.208266	0.00236362
3	2	6	188.067	166.382	0.22072	0.00204852
3	3	1	183.674	165.101	0.231737	0.00232067
3	3	2	165.343	164.347	0.213725	0.00231121
3	3	3	181.801	164.355	0.216273	0.00229667
3	3	4	167.514	163.033	0.228001	0.00260501
3	3	5	158.925	157.847	0.296592	0.00311229
3	3	6	283.379	163.889	0.266732	0.00288315
3	4	1	150.233	160.78	0.224932	0.00250886
3	4	2	180.598	161.979	0.252496	0.00230793
3	4	3	161.433	161.472	0.245398	0.00243857
3	4	4	140.574	161.017	0.334215	0.00381511
3	4	5	160.689	156.428	0.216451	0.00223289
3	4	6	143.184	159.244	0.250045	0.00238426
3	5	1	174.796	146.405	0.22377	0.00249731
3	5	2	181.752	145.631	0.211545	0.00248095
3	5	3	185.658	147.683	0.19692	0.00209494
3	5	4	184.945	148.033	0.182286	0.0018516
3	5	5	166.929	146.339	0.211438	0.00232514
3	6	1	0	0	0	0
3	6	2	0	0	0	0
3	6	3	0	0	0	0
3	6	4	0	0	0	0
3	6	5	0	0	0	0
3	6	6	0	0	0	0
4	1	1	185.305	169.666	0.259816	0.00290135
4	1	2	176.621	167.943	0.152546	0.00158813
4	1	3	171.035	166.805	0.250855	0.00305101
4	1	4	138.26	157.224	0.181636	0.00190514
4	1	5	128.42	157.547	0.236591	0.0023666
4	1	6	176.044	166.492	0.169268	0.00184651
4	2	1	157.471	160.593	0.146956	0.001619
4	2	2	161.523	164.756	0.197551	0.00197815
4	2	3	157.143	157.895	0.233734	0.00256412
4	2	4	178.381	165.932	0.221945	0.00229271
4	2	5	164.705	161.302	0.229876	0.00226952
4	2	6	184.374	163.594	0.181589	0.00174673
4	3	1	170.534	165.682	0.180921	0.00194475
4	3	2	127.118	160.136	0.204855	0.00241405
4	3	3	168.2	162.624	0.167819	0.00181601
4	3	4	159.924	162.505	0.199587	0.00212578
4	3	5	177.767	165.873	0.200911	0.00214328
4	3	6	178.535	161.554	0.18501	0.00190282
4	4	1	174.997	163.863	0.19214	0.00200704
4	4	2	165.1	163.837	0.239317	0.0028218
4	4	3	170.872	161.079	0.299117	0.00296425
4	4	4	135.782	160.273	0.219728	0.00235576
4	4	5	162.488	163.475	0.229225	0.00230335
4	4	6	114.17	156.299	0.224115	0.00218574
4	5	1	179.662	147.418	0.195797	0.00214645
4	5	2	187.792	145.76	0.14728	0.00154656
4	5	3	191.957	147.446	0.170805	0.00181788
4	5	4	195.417	146.15	0.240075	0.00244687
4	5	5	196.221	146.802	0.134941	0.00136871
4	6	1	0	0	0	0
4	6	2	0	0	0	0
4	6	3	0	0	0	0
4	6	4	0	0	0	0
4	6	5	0	0	0	0
4	6	6	0	0	0	0
5	1	1	194.7	154.184	0.235853	0.00241553
5	1	2	170.559	156.726	0.242196	0.00275504
5	2	1	198.001	155.868	0.282577	0.00270412
5	2	2	175.566	157.168	0.323749	0.00363502
5	3	1	200.605	154.356	0.257514	0.00237731
5	3	2	185.355	155.213	0.254267	0.00260425
5	4	1	189.24	155.708	0.216735	0.00207014
5	4	2	191.283	156.882	0.295731	0.00320244
5	6	1	0	0	0	0
5	6	2	0	0	0	0
