1 1 1 27.0806 52.3085 273.077 0.386534 21039 1
1 1 2 21.272 43.9451 273.004 0.332141 17360 1
1 1 3 20.7832 44.139 273.033 0.399449 17791 1
1 2 1 27.4035 54.2551 272.908 0.418263 21741 1
1 2 2 21.753 54.935 272.811 0.320798 17407 1
1 2 3 21.4067 51.6114 272.962 0.334718 17274 1
1 3 1 30.2151 72.8097 272.839 0.353459 24380 1
1 3 2 25.4189 61.6818 272.781 0.350974 20905 1
1 3 3 25.9602 65.4948 273.159 0.35105 21479 1
1 4 1 34.8372 114.784 272.844 0.303619 29345 1
1 4 2 31.0396 91.5529 272.846 0.31504 26364 1
1 4 3 29.7547 94.532 272.858 0.31097 26028 1
1 5 1 44.7194 165.553 272.974 0.35154 38503 1
1 5 2 41.7364 121.246 272.689 0.337167 34617 1
1 5 3 41.8606 121.219 272.859 0.294921 35278 1
2 1 1 26.4964 55.3128 272.692 0.30923 21346 1
2 1 2 25.7092 54.2794 272.951 0.293637 20468 1
2 1 3 25.7433 64.0924 272.857 0.269915 21386 1
2 1 4 22.8849 40.4475 273.085 0.445539 18843 1
2 1 5 22.0477 40.4824 273.027 0.397102 18336 1
2 1 6 23.5028 44.1964 272.911 0.240547 19212 1
2 1 7 27.4128 78.5344 272.935 0.325133 24169 1
2 2 1 25.9078 76.9726 272.827 0.296289 21855 1
2 2 2 25.5813 62.3424 272.808 0.268854 20590 1
2 2 3 25.9489 59.2605 273.028 0.308211 21713 1
2 2 4 21.0641 48.2697 272.873 0.366109 18603 1
2 2 5 22.8023 44.5155 272.736 0.367387 19010 1
2 2 6 21.9285 42.3998 273.317 0.445454 18661 1
2 2 7 27.3908 75.0196 273.004 0.291153 23399 1
2 3 1 31.8776 93.9468 273.076 0.293902 26575 1
2 3 2 29.4115 82.1159 272.889 0.360203 25008 1
2 3 3 32.196 92.9966 273.016 0.32224 26984 1
2 3 4 26.3513 62.8008 272.856 0.388784 22677 1
2 3 5 26.5774 68.4763 272.877 0.294835 22067 1
2 3 6 27.0077 59.3161 273.006 0.332462 22707 1
2 3 7 32.0772 81.9546 273.038 0.35047 27636 1
2 4 1 41.7827 114.82 272.962 0.338742 34306 1
2 4 2 39.4992 106.542 272.8 0.325962 32795 1
2 4 3 41.9068 103.135 272.835 0.373271 35792 1
2 4 4 36.3771 91.8761 272.99 0.344001 31081 1
2 4 5 32.8402 77.8947 272.811 0.33058 29256 1
2 4 6 35.2521 79.4971 273.25 0.320729 29696 1
2 4 7 36.3739 94.8242 273.115 0.328083 30968 1
2 5 1 51.4762 152.246 272.692 0.352194 43057 1
2 5 2 54.6573 144.477 272.856 0.327912 45185 1
2 5 3 55.4375 151.212 272.789 0.31764 47280 1
2 5 4 48.1419 131.676 272.928 0.351749 41045 1
2 5 5 46.6956 120.624 272.953 0.318141 39477 1
2 5 6 44.9106 114.761 273.156 0.322521 37888 1
2 5 7 48.4504 135.171 273.406 0.341717 41887 1
3 1 1 3.829 14.8382 277.952 0.254628 3612 1
3 1 2 3.829 14.8382 277.952 0.254628 3612 1
3 1 3 6.18585 15.3757 278.099 0.328871 5683 1
3 1 4 6.83019 15.0448 278.099 0.393206 5956 1
3 1 5 6.46391 22.5391 278.071 0.244189 6076 1
3 1 6 6.2399 18.3312 277.958 0.268261 5532 1
3 2 1 6.2399 18.3312 277.958 0.268261 5532 1
3 2 2 3.23858 10.4938 277.865 0.381964 3853 1
3 2 3 5.85187 15.6855 278.054 0.364816 5657 1
3 2 4 6.10055 19.9696 277.869 0.22357 5852 1
3 2 5 6.7627 18.8784 278.002 0.294294 6040 1
3 2 6 6.7627 18.8784 278.002 0.294294 6040 1
3 3 1 4.4567 11.8988 278.034 0.418342 4454 1
3 3 2 4.4567 11.8988 278.034 0.418342 4454 1
3 3 3 4.4567 11.8988 278.034 0.418342 4454 1
3 3 4 6.71258 26.1207 278.318 0.317055 6819 1
3 3 5 8.51443 29.4373 277.929 0.273733 7572 1
3 3 6 1.53534 3.55259 278.112 0.313809 1254 1
3 4 1 8.57015 28.9991 277.951 0.274295 8312 1
3 4 2 8.57015 28.9991 277.951 0.274295 8312 1
3 4 3 9.03784 28.0422 278.099 0.300957 8805 1
3 4 4 9.56508 32.1446 277.498 -0.017377 8842 1
3 4 5 9.71981 29.8166 277.91 -0.0759258 8789 1
3 4 6 10.8204 39.0153 277.762 0.329454 10142 1
3 5 1 10.2078 31.0203 278 0.292844 8917 1
3 5 2 9.64448 30.9628 278.221 0.259535 8327 1
3 5 3 15.5019 52.8194 278.217 0.258337 13230 1
3 5 4 14.4187 49.9105 277.984 0.313785 12604 1
3 5 5 15.6153 56.2942 278.142 0.26834 13916 1
4 1 1 6.10893 18.9192 277.765 0.235744 5426 1
4 1 2 6.25864 20.1236 277.961 0.277967 5429 1
4 1 3 6.25864 20.1236 277.961 0.277967 5429 1
4 1 4 6.13869 18.218 278.06 0.298883 5647 1
4 1 5 5.49097 19.4105 278.124 0.295378 5852 1
4 1 6 4.8596 14.4249 278.039 0.358877 4944 1
4 2 1 5.37801 16.6022 278.016 0.362403 5551 1
4 2 2 5.47628 17.4988 278.058 0.359709 5537 1
4 2 3 5.51089 17.444 278.197 0.423964 5579 1
4 2 4 5.63841 13.7966 278.838 0.439114 5372 1
4 2 5 6.18199 13.7978 278.451 0.573767 6006 1
4 2 6 6.18199 13.7978 278.451 0.573767 6006 1
4 3 1 7.14144 18.609 277.972 0.371001 6300 1
4 3 2 9.42681 30.8857 278.007 0.323166 8619 1
4 3 3 7.3282 6.12337 277.516 -0.0786909 6706 1
4 3 4 6.68545 18.1286 278.206 0.36286 6400 1
4 3 5 7.56467 21.5814 277.979 0.335361 6747 1
4 3 6 6.86765 23.2695 278.076 0.352251 6543 1
4 4 1 9.95904 28.3586 278.245 0.345679 8602 1
4 4 2 9.73612 32.0386 277.748 0.341532 9236 1
4 4 3 9.68186 27.3503 278.246 0.438462 8598 1
4 4 4 9.45389 31.313 278.041 0.30929 8677 1
4 4 5 10.511 33.1535 277.991 0.30601 8904 1
4 4 6 10.9977 34.0929 278.102 0.342518 9909 1
4 5 1 13.7355 55.5993 278.126 0.274533 12601 1
4 5 2 14.4938 45.9309 278.325 0.362172 12807 1
4 5 3 14.1449 46.7986 278.035 0.344405 12303 1
4 5 4 14.5764 53.3471 278.313 0.324061 13240 1
4 5 5 15.7233 46.7624 278.019 0.379675 13697 1
5 1 1 35.7926 71.8277 273.124 0.394004 29766 1
5 1 2 35.7926 71.8277 273.124 0.394004 29766 1
5 2 1 39.1528 103.162 273.353 0.324274 33379 1
5 2 2 40.1743 79.4224 273.11 0.40802 33273 1
5 3 1 44.1349 127.984 273.174 0.3731 38933 1
5 3 2 44.6313 99.6785 273.243 0.394202 37982 1
5 4 1 49.285 149.917 273.142 0.335791 44181 1
5 4 2 54.8729 140.762 273.008 0.394363 49071 1
