1 1 1 28.1943 52.825 39.8476 0.396687 26214 1
1 1 2 22.8144 40.8652 39.7217 0.357867 20490 1
1 1 3 21.7687 49.1835 39.589 0.373709 20740 1
1 2 1 28.6282 54.2628 39.8513 0.467326 26489 1
1 2 2 22.7871 56.1576 39.6489 0.34076 20696 1
1 2 3 22.2795 53.016 39.6991 0.343294 20234 1
1 3 1 31.4724 71.4509 39.8742 0.444149 29519 1
1 3 2 26.9669 60.1025 39.8134 0.441664 24684 1
1 3 3 27.3313 66.5511 39.8944 0.370311 25195 1
1 4 1 36.2992 110.289 39.8116 0.384509 35603 1
1 4 2 32.5449 90.0756 39.7133 0.397421 31038 1
1 4 3 31.1526 94.1713 39.6431 0.375291 30399 1
1 5 1 46.5317 158.041 39.9044 0.421094 46834 1
1 5 2 43.3078 125.394 39.6204 0.369569 40925 1
1 5 3 44.5386 130.016 39.5705 0.337487 41288 1
2 1 1 27.9284 58.6494 39.5576 0.342087 25063 1
2 1 2 27.0562 52.6967 39.7427 0.373765 24043 1
2 1 3 27.5739 58.6083 39.7185 0.382171 24951 1
2 1 4 24.1755 44.1216 39.7876 0.410623 21749 1
2 1 5 23.1627 41.5704 39.7539 0.46143 21289 1
2 1 6 24.6919 42.4612 39.8584 0.449598 21956 1
2 1 7 28.6931 72.1448 39.758 0.445033 27510 1
2 2 1 27.5065 69.1182 39.7098 0.370003 25546 1
2 2 2 26.4944 57.1343 39.6804 0.395536 23979 1
2 2 3 27.7663 62.1221 39.794 0.381567 25311 1
2 2 4 22.8256 42.6158 39.9093 0.506016 21466 1
2 2 5 24.2953 48.0184 39.7606 0.439139 22102 1
2 2 6 23.176 47.6602 40.0673 0.486057 21525 1
2 2 7 28.9829 70.6479 39.7932 0.395474 26946 1
2 3 1 33.9545 86.5546 39.9629 0.385518 31231 1
2 3 2 30.5955 82.1074 39.8154 0.392856 29032 1
2 3 3 34.0887 89.2966 39.8083 0.367438 31275 1
2 3 4 28.1115 62.987 39.9222 0.481431 26172 1
2 3 5 27.9642 63.6046 39.7664 0.411745 25476 1
2 3 6 28.7544 58.4003 39.7945 0.407167 26232 1
2 3 7 33.9162 78.4983 39.7983 0.428636 31659 1
2 4 1 44.2107 120.492 39.7356 0.369118 39993 1
2 4 2 41.9515 107.958 39.7307 0.395249 37973 1
2 4 3 44.3652 111.593 39.6676 0.430878 41535 1
2 4 4 39.4229 93.0037 39.8779 0.390855 35726 1
2 4 5 34.9606 82.3517 39.9131 0.455288 33584 1
2 4 6 37.5726 79.1823 40.0014 0.443117 34217 1
2 4 7 38.6096 96.234 39.9449 0.422373 35781 1
2 5 1 54.3502 152.345 39.8484 0.409791 50339 1
2 5 2 57.794 143.68 39.7611 0.395214 52181 1
2 5 3 58.7366 146.994 39.7135 0.390992 54765 1
2 5 4 50.463 125.622 39.8974 0.432051 47226 1
2 5 5 49.5122 120.145 39.8426 0.389757 45389 1
2 5 6 46.724 120.644 39.8996 0.364671 43356 1
2 5 7 51.0676 139.883 39.9186 0.384275 48378 1
3 1 1 4.11962 9.95814 44.3021 0.457065 4185 1
3 1 2 4.5392 11.4509 44.2634 0.335572 4532 1
3 1 3 6.39601 16.2723 44.5726 0.399858 6715 1
3 1 4 7.37836 15.3216 44.3876 0.362393 6742 1
3 1 5 7.17564 18.4495 44.3347 0.333844 7015 1
3 1 6 6.46138 16.318 44.5095 0.485114 6401 1
3 2 1 3.98844 12.0609 44.6328 0.458163 4378 1
3 2 2 3.84936 10.6782 44.5097 0.500284 4348 1
3 2 3 6.04184 15.1057 44.4447 0.533367 6630 1
3 2 4 6.52635 17.2638 44.1962 0.407725 6726 1
3 2 5 7.08517 18.1648 44.523 0.423385 6957 1
3 2 6 7.67632 16.3422 44.4827 0.52964 7729 1
3 3 1 5.01124 10.9951 44.3032 0.481079 4961 1
3 3 2 4.7896 12.7035 44.4229 0.516626 5125 1
3 3 3 8.14025 20.8481 44.5565 0.468418 8013 1
3 3 4 6.39727 23.7438 44.5932 0.421079 7926 1
3 3 5 8.91868 23.7538 44.3707 0.420138 8639 1
3 3 6 1.55351 3.30894 44.5158 0.373768 1587 1
3 4 1 9.30128 25.6562 44.5175 0.393304 9451 1
3 4 2 5.41442 20.5008 44.3794 0.429264 6428 1
3 4 3 10.2222 24.3528 44.2789 0.338206 9984 1
3 4 4 10.5031 29.0446 44.3813 0.356119 10241 1
3 4 5 10.0485 27.3283 44.706 0.508018 10186 1
3 4 6 11.2147 32.1005 44.4905 0.557082 11620 1
3 5 1 10.7969 26.6023 44.5766 0.455598 10115 1
3 5 2 10.2907 25.3348 44.7715 0.391868 9525 1
3 5 3 15.9234 46.9716 44.7651 0.397375 15191 1
3 5 4 15.3998 43.881 44.6447 0.460052 14394 1
3 5 5 16.9217 43.3265 44.7364 0.440766 15968 1
4 1 1 6.46008 16.3759 44.1586 0.35556 6291 1
4 1 2 6.68653 14.9804 44.3398 0.513981 6279 1
4 1 3 5.53428 15.5904 44.6167 0.437634 6308 1
4 1 4 5.88679 17.572 44.401 0.474608 6579 1
4 1 5 5.91248 18.5634 44.4204 0.433678 6819 1
4 1 6 5.24761 15.3696 44.3406 0.389489 5736 1
4 2 1 5.92664 13.5579 44.6682 0.654068 6389 1
4 2 2 6.14234 17.0754 44.4174 0.467763 6405 1
4 2 3 6.29145 16.3637 44.4589 0.476522 6457 1
4 2 4 6.29871 13.7299 44.9066 0.386869 6187 1
4 2 5 7.52651 19.3142 44.4225 0.185029 6830 1
4 2 6 6.711 16.4071 44.4799 0.448721 6681 1
4 3 1 7.29956 20.7195 44.2343 0.384435 7348 1
4 3 2 9.72513 30.2065 44.4752 0.384313 9866 1
4 3 3 7.78595 20.2844 44.4783 0.470716 7693 1
4 3 4 6.59314 17.0657 44.5895 0.528172 7518 1
4 3 5 8.01279 20.3833 44.3971 0.452119 7784 1
4 3 6 6.703 23.6998 44.4748 0.436954 7684 1
4 4 1 10.7647 26.539 44.608 0.469075 9946 1
4 4 2 9.62841 29.1988 44.2278 0.51503 10594 1
4 4 3 10.2159 26.8524 44.6017 0.495268 9742 1
4 4 4 9.97703 26.8654 44.5819 0.451992 10032 1
4 4 5 11.2275 29.4134 44.3341 0.416725 10250 1
4 4 6 11.0172 37.912 44.4619 0.360519 11430 1
4 5 1 14.4251 46.1495 44.6453 0.414727 14412 1
4 5 2 15.5615 38.7102 44.8373 0.512748 14485 1
4 5 3 14.9154 39.6811 44.633 0.476731 14272 1
4 5 4 15.6817 48.5149 44.8341 0.431336 15267 1
4 5 5 15.5993 39.8501 44.6386 0.585377 15715 1
5 1 1 36.7291 86.8977 39.752 0.399992 34165 1
5 1 2 37.9579 80.2786 39.7828 0.383226 34558 1
5 2 1 41.6374 100.135 39.881 0.352681 38148 1
5 2 2 42.5158 79.3547 39.8727 0.514474 38292 1
5 3 1 46.5838 129.032 39.8017 0.409879 44515 1
5 3 2 48.3111 114.745 39.8602 0.374304 43812 1
5 4 1 52.7314 154.93 39.8181 0.374458 51311 1
5 4 2 59.0119 145.384 39.783 0.437387 56731 1
