6303 102.654 510.269 2.05305 0.384609 88774 1
6305 91.0327 429.196 2.0309 0.376741 77172 1
6307 129.695 639.67 2.04436 0.384077 113600 1
6310 140.572 706.146 2.05123 0.386301 122588 1
6311 127.293 638.809 2.03234 0.368898 111561 1
6313 135.806 690.717 2.03324 0.358584 118969 1
6321 138.805 692.653 2.03917 0.359902 121091 1
6327 139.713 680.542 2.04194 0.379868 121393 1
6346 144.77 704.841 2.04106 0.372756 123965 1
6347 53.4739 254.386 2.05549 0.39273 47331 1
6349 62.8199 302.232 2.0463 0.363019 53430 1
6428 136.363 744.49 0.0249165 0.368254 124820 1
6433 172.762 836.957 0.021046 0.368358 150584 1
6442 155.598 769.223 0.037771 0.381538 136921 1
6450 151.098 742.916 0.0357878 0.372756 133637 1
6467 151.805 716.121 0.038115 0.37876 131826 1
6474 170.323 824.391 0.0209023 0.358077 147503 1
6481 165.746 779.362 0.0255517 0.37594 144200 1
6492 152.162 769.348 0.0320383 0.370169 134117 1
