6302 146.129 714.88 1.95989 0.398775 127145 1
6303 102.58 521.36 1.99371 0.407578 89002 1
6305 91.0654 438.937 1.94467 0.389201 77392 1
6307 129.476 659.816 1.99957 0.419504 113833 1
6310 140.524 713.863 1.98395 0.413177 122827 1
6311 126.813 636.19 1.984 0.417814 111876 1
6313 135.146 696.647 1.9505 0.381743 119247 1
6321 139.695 703.505 1.99235 0.396484 121413 1
6327 139.996 683.809 1.99074 0.419347 121713 1
6346 143.819 707.646 1.98643 0.407665 124273 1
6347 53.1455 267.699 1.96107 0.385322 47458 1
6349 62.5474 299.778 2.00482 0.407188 53582 1
6428 135.08 758.762 -0.0321497 0.401935 125152 1
6433 171.623 847.424 -0.0424774 0.398159 150954 1
6442 154.879 783.459 -0.0213072 0.40755 137296 1
6450 151.399 765.011 -0.0194827 0.398865 134038 1
6467 151.765 734.628 -0.013388 0.406408 132085 1
6474 169.9 812.459 -0.0201816 0.405935 147831 1
6481 165.541 789.148 -0.0174058 0.410859 144620 1
6492 151.62 777.902 -0.0239835 0.40299 134496 1
